01011000
01017000
01017290
01017960
01019000
01027200
01029200
01029500
01030500
01031300
01031450
01031500
01031510
01042500
01043500
01044550
01046000
01046500
01047150
01047200
01052500
01054200
01054300
01055000
01059000
01064801
01067950
01068910
01069500
01072800
01073319
01073500
01073587
01074520
01075000
01076000
01076500
01077400
01078000
01081000
01081500
01082000
01085000
01085500
01086000
01089500
01091000
01092000
01093852
01094000
01096000
01096500
010965852
01097000
01098530
01099500
01100000
01100561
01100600
01100627
01101000
01101500
01103280
01108000
01108410
01109000
01109060
01109403
01109730
01110000
01111212
01111500
01117370
01117800
01119500
01121000
01122000
01122500
01123000
01125000
01125100
01125500
01127000
01127500
01129200
01130000
01133000
01134500
01135500
01139000
01142500
01144000
01150900
01151500
01152500
01153550
01154500
01155500
01157000
01158000
01160350
01161000
01162000
01163200
01166500
01168500
01169000
01169900
01170000
01170100
01170500
01171500
01172500
01173000
01173500
01181000
01183500
01185500
01186000
01186500
01187300
01188090
01189995
01191000
01192500
01192883
01193500
01194000
01196500
01196620
01197000
01197500
01198000
01198125
01203805
01208990
04296500
