01331500
01333000
01382500
01413500
01415000
01417000
01420500
01421000
01423000
01425000
01426500
01427207
01427510
01432110
01449800
01451000
01451800
01455500
01466900
01468500
01469500
01470500
01470779
01470960
01471000
01471510
01472000
01473500
01476480
01477000
01478000
01478245
01478650
01479000
01479820
01480000
01480015
01480500
01480617
01480685
01480700
01480870
01481000
01483700
01484525
01488500
01491500
01493000
01518700
01518862
01520000
01534500
01534860
01548005
01553700
01555000
01555500
01564500
01566000
01573825
01581700
01581920
01582000
01589000
01589300
01589352
01589440
01594526
01599000
01601000
01601500
01603000
01604500
01605500
01606000
01606500
01607500
01608000
01608500
01609000
01610000
01610155
01611500
01613000
01613095
01613525
01614000
01614500
01615000
01616500
01618000
01619000
01622000
01625000
01626000
01626850
01627500
01628500
01629500
01631000
01632000
01632082
01632900
01633000
01634000
01634500
01635500
01636316
01636500
01637500
01638350
01638420
01638480
01639000
01639500
01642190
01643000
01643500
01643805
01643880
01644280
01645000
01646000
01649500
01650500
01653000
01653600
01654000
01656000
01658000
01660400
01660920
01661500
01662800
01663500
01664000
01665500
01666500
01667500
01668000
01669000
01669520
01670400
01671020
01671100
01672500
01673000
01673550
01673800
01674000
01674500
02011400
02011460
02011470
02011500
02011800
02013000
02013100
02014000
02015700
02016000
02016500
02017500
02018000
02018500
02019500
02020500
02021500
02022500
02024000
02024752
02024915
02025500
02026000
02027000
02027500
02028500
02029000
02030000
02030500
02031000
02032250
02032640
02034000
02035000
02036500
02037500
02039000
02039500
02040000
02041000
02041650
02042500
04282000
04282500
04282795
04285500
04286000
04287000
04288000
04289000
04290500
04292000
