01011000
01017000
01017290
01017960
01019000
01027200
01029200
01029500
01030500
01031300
01031450
01031500
01031510
01042500
01043500
01044550
01046000
01046500
01047150
01047200
01052500
01054200
01054300
01055000
01059000
01064801
01067950
01068910
01069500
01072800
01073319
01073500
01073587
01074520
01075000
01076000
01076500
01077400
01078000
01081000
01081500
01082000
01085000
01085500
01086000
01089500
01091000
01092000
01093852
01094000
01096000
01096500
010965852
01097000
01098530
01099500
01100000
01100561
01100600
01100627
01101000
01101500
01103280
01108000
01108410
01109000
01109060
01109403
01109730
01110000
01111212
01111500
01117370
01117800
01119500
01121000
01122000
01122500
01123000
01125000
01125100
01125500
01127000
01127500
01129200
01130000
01133000
01134500
01135500
01139000
01142500
01144000
01150900
01151500
01152500
01153550
01154500
01155500
01157000
01158000
01160350
01161000
01162000
01163200
01166500
01168500
01169000
01169900
01170000
01170100
01170500
01171500
01172500
01173000
01173500
01181000
01183500
01185500
01186000
01186500
01187300
01188090
01189995
01191000
01192500
01192883
01193500
01194000
01196500
01196620
01197000
01197500
01198000
01198125
01203805
01208990
01331500
01333000
01382500
01413500
01415000
01417000
01420500
01421000
01423000
01425000
01426500
01427207
01427510
01432110
01449800
01451000
01451800
01455500
01466900
01468500
01469500
01470500
01470779
01470960
01471000
01471510
01472000
01473500
01476480
01477000
01478000
01478245
01478650
01479000
01479820
01480000
01480015
01480500
01480617
01480685
01480700
01480870
01481000
01483700
01484525
01488500
01491500
01493000
01518700
01518862
01520000
01534500
01534860
01548005
01553700
01555000
01555500
01564500
01566000
01573825
01581700
01581920
01582000
01589000
01589300
01589352
01589440
01594526
01599000
01601000
01601500
01603000
01604500
01605500
01606000
01606500
01607500
01608000
01608500
01609000
01610000
01610155
01611500
01613000
01613095
01613525
01614000
01614500
01615000
01616500
01618000
01619000
01622000
01625000
01626000
01626850
01627500
01628500
01629500
01631000
01632000
01632082
01632900
01633000
01634000
01634500
01635500
01636316
01636500
01637500
01638350
01638420
01638480
01639000
01639500
01642190
01643000
01643500
01643805
01643880
01644280
01645000
01646000
01649500
01650500
01653000
01653600
01654000
01656000
01658000
01660400
01660920
01661500
01662800
01663500
01664000
01665500
01666500
01667500
01668000
01669000
01669520
01670400
01671020
01671100
01672500
01673000
01673550
01673800
01674000
01674500
02011400
02011460
02011470
02011500
02011800
02013000
02013100
02014000
02015700
02016000
02016500
02017500
02018000
02018500
02019500
02020500
02021500
02022500
02024000
02024752
02024915
02025500
02026000
02027000
02027500
02028500
02029000
02030000
02030500
02031000
02032250
02032640
02034000
02035000
02036500
02037500
02039000
02039500
02040000
02041000
02041650
02042500
03010655
03011800
03015500
03017500
03021350
03022540
03028000
03031500
03032500
03034000
03034500
03036000
03036500
03038000
03039000
03040000
03041029
03041500
03042000
03042280
03042500
03044000
03045000
03047000
03048500
03050000
03051000
03052000
03053500
03054500
03056000
03056250
03057000
03058000
03058500
03061000
03061500
03062500
03065000
03066000
03067510
03068800
03069500
03070500
03072000
03076600
03078000
03085500
03090500
03091500
03092460
03093000
03094000
03095500
03098600
03099500
03101500
03102500
03102850
03103500
03105500
03106000
03106300
03106500
03107500
03108000
03109500
03110000
03110830
03111500
03114500
03115400
03116077
03117000
03118000
03118500
03124500
03126000
03127000
03129000
03139000
03140000
03140500
03141500
03141870
03142000
03144000
03144500
03145483
03146500
03149500
03150000
03151400
03154000
03155000
03157000
03157500
03159500
03159540
03161000
03164000
03165000
03165500
03167000
03168000
03170000
03171000
03173000
03175500
03176500
03177710
03179000
03180500
03182500
03183500
03184000
03185000
03185400
03186500
03187500
03189100
03190000
03191500
03192000
03193000
03194700
03197000
03198350
03198500
03200500
03201000
03201405
03202000
03202400
03202750
03203600
03205470
03206600
03207800
03208950
03212500
03212750
03212980
03214500
03219500
03220000
03221000
03223425
03225500
03226800
03227500
03228300
03228500
03228750
03228805
03229500
03229610
03229796
03230450
03230500
03230800
03231500
03232000
03232500
03234000
03234300
03237500
03241500
03244936
03247500
03259000
03260706
03261500
03261950
03262000
03262700
03263000
03264000
03265000
03266000
03266560
03267000
03267900
03269500
03270000
03271000
03271300
03272000
03272700
03274000
03288100
03297900
03320000
03431599
04015330
04021520
04024000
04024430
04073468
04073473
04082400
04084445
04188337
04188400
04188496
04189000
04191500
04192500
04200500
04201500
04202000
04207200
04213000
04282000
04282500
04282795
04285500
04286000
04287000
04288000
04289000
04290500
04292000
04296500
05014500
05017500
05046000
05051300
05054000
05054500
05059000
05059700
05060100
05060500
05063398
05064000
05066500
05076000
05078000
05078230
05090000
05094000
05099400
05101000
05123400
05127500
05129115
06012500
06016000
06018500
06019500
06026500
06038800
06040800
06048700
06061500
06062500
06077200
06085800
06088500
06091700
06102050
06119600
06123030
06186500
06187915
06195600
06200000
06204070
06207500
06208500
06209500
06211000
06285100
06295113
06298000
06299980
06305700
06306300
06307500
06309200
06311000
06311400
06331000
06332515
06332770
06335500
06336600
06337000
06340000
06340500
06342260
06347500
06349000
06350000
06352000
06353000
06355500
06356500
06357800
06359500
06386500
06395000
06400000
06400875
06401500
06402000
06402500
06403300
06404000
06406000
06409000
06426130
06430532
06430770
06430850
06436000
06436180
06436198
06440200
06445685
06446700
06449000
06452320
06461500
06464500
06465700
06468170
06469400
06471200
06478600
06479010
06479500
06479770
06480000
06481000
06481480
06481500
06482610
06485500
06600500
06601000
06605000
06607200
06607500
06608500
06609500
06610732
06620000
06622700
06647500
06708800
06709000
06710247
06710605
06721000
06751150
06769525
06772100
06773500
06775500
06784000
06785000
06786000
06795500
06797500
06799000
06800000
06803093
06803486
06803495
06803510
06803520
06803530
06803555
06804000
06806500
06807410
06810000
06813000
06814000
06814500
06815000
06819185
06820500
06821080
06821150
06827500
06838000
06846500
06847500
06853800
06860000
06862850
06863000
06864000
06867000
06869950
06870300
06872500
06873460
06876700
06878000
06884000
06884025
06884400
06887000
06889200
06889500
06890100
06891260
06891500
06892360
06892495
06893578
06896000
06897000
06898000
06901500
06903400
06904010
06905500
06906000
06906150
06906200
06907700
06908000
06910230
06911000
06911900
06912500
06913000
06914100
06917060
06917500
06918060
06918440
06919020
06919900
06921070
06921350
06921720
06923250
06927000
06928000
06928300
06932000
06933500
07050700
07052100
07052250
07052345
07052820
07053250
07053810
07055646
07055875
07056000
07056700
07057500
07060710
07061270
07061500
07061900
07062500
07063000
07065495
07067000
07087050
07096250
07103990
07140850
07141200
07141900
07143672
07144100
07144200
07144480
07145500
07147800
07148400
07151000
07151500
07154500
07156900
07166500
07169500
07170500
07171000
07172000
07176950
07185700
07185765
07185910
07186000
07187000
07191222
07206000
07207500
07216500
07218000
07230500
07235000
07242380
07247250
07249800
07263012
07263296
07295500
07298500
07299540
07300000
07301110
07301300
07303000
07305000
07308200
07311800
07312100
07312500
07312700
07314900
07325800
07325850
07326000
07326500
07327447
07327550
07328100
07328500
07331300
07332390
07332500
07338500
07342500
07343000
07343450
07352000
08017200
08017300
08019000
08019200
08019500
08020450
08023400
08026000
08028000
08028500
08029500
08033500
08034500
08040600
08041500
08044000
08044500
08044800
08047000
08049700
08050800
08050840
08052700
08052780
08053500
08059350
08061540
08061551
08061750
08062500
08062800
08063100
08064700
08065800
08066200
08066300
08068000
08068275
08068400
08068500
08070500
08082700
08083230
08084800
08091500
08092000
08100000
08103800
08103900
08104100
08106350
08110325
08111700
08117500
08121000
08127000
08128000
08134250
08136500
08143600
08144500
08145000
08146000
08148500
08150000
08158600
08158827
08162600
08164390
08164450
08164503
08164800
08166200
08166250
08167000
08174600
08177500
08181480
08181500
08183500
08186000
08188500
08189700
08192000
08194000
08204005
08205500
08206700
08207500
08211900
08252500
08255500
08263500
08265000
08267500
08275500
08276300
08279000
08285500
08286500
08290000
08294195
08317200
08334000
08376300
08378500
08382500
08382650
08382830
08383500
08385630
08387000
08390800
08398500
08401200
08401900
08406000
08433000
08477110
08481500
09010500
09024000
09073300
09080400
09126000
09143000
09168730
09169500
09174600
09177000
09183500
09223000
09224700
09229500
09244490
09329050
09354500
09358000
09358550
09359010
09359020
09363500
09367000
09367500
09372000
09386900
09386950
09408195
09415460
09418500
09430500
09430600
09444000
10028500
10105900
10149400
10157500
10171000
10183500
10189000
10194200
10217000
10224000
10234500
10242000
10243700
10251300
10291500
10293000
10310000
10321000
10321940
10329000
11046300
11046530
11073300
11077500
11109000
11113000
11153650
11169025
11172175
11173500
11174000
11176900
11203580
11264500
11336585
11447360
11451000
11451715
11465200
11466170
11466200
11473900
11481000
11522500
12024400
12039005
12058790
12076800
12105900
12175500
12210000
12323670
12332000
12344000
12358500
12390700
12409000
12413125
12456500
12458000
13055250
13161500
13215000
13236500
13265500
13309220
13310199
13316500
13333000
14018500
14113200
14138850
14140000
14194150
14200000
14201340
14203500
14207500
14216500
14243000
14354200
394220106431500
394839104570300
