01011000
01017000
01017290
01017960
01019000
01027200
01029200
01029500
01030500
01031300
01031450
01031500
01031510
01042500
01043500
01044550
01046000
01046500
01047150
01047200
01052500
01054200
01054300
01055000
01059000
01064801
01067950
01068910
01069500
01072800
01073319
01073500
01073587
01074520
01075000
01076000
01076500
01077400
01078000
01081000
01081500
01082000
01085000
01085500
01086000
01089500
01091000
01092000
01093852
01094000
01096000
01096500
010965852
01097000
01098530
01099500
01100000
01100561
01100600
01100627
01101000
01101500
01103280
01108000
01108410
01109000
01109060
01109403
01109730
01110000
01111212
01111500
01117370
01117800
01119500
01121000
01122000
01122500
01123000
01125000
01125100
01125500
01127000
01127500
01129200
01130000
01133000
01134500
01135500
01139000
01142500
01144000
01150900
01151500
01152500
01153550
01154500
01155500
01157000
01158000
01160350
01161000
01162000
01163200
01166500
01168500
01169000
01169900
01170000
01170100
01170500
01171500
01172500
01173000
01173500
01181000
01183500
01185500
01186000
01186500
01187300
01188090
01189995
01191000
01192500
01192883
01193500
01194000
01196500
01196620
01197000
01197500
01198000
01198125
01203805
01208990
01331500
01333000
01382500
01413500
01415000
01417000
01420500
01421000
01423000
01425000
01426500
01427207
01427510
01432110
01449800
01451000
01451800
01455500
01466900
01468500
01469500
01470500
01470779
01470960
01471000
01471510
01472000
01473500
01476480
01477000
01478000
01478245
01478650
01479000
01479820
01480000
01480015
01480500
01480617
01480685
01480700
01480870
01481000
01483700
01484525
01488500
01491500
01493000
01518700
01518862
01520000
01534500
01534860
01548005
01553700
01555000
01555500
01564500
01566000
01573825
01581700
01581920
01582000
01589000
01589300
01589352
01589440
01594526
01599000
01601000
01601500
01603000
01604500
01605500
01606000
01606500
01607500
01608000
01608500
01609000
01610000
01610155
01611500
01613000
01613095
01613525
01614000
01614500
01615000
01616500
01618000
01619000
01622000
01625000
01626000
01626850
01627500
01628500
01629500
01631000
01632000
01632082
01632900
01633000
01634000
01634500
01635500
01636316
01636500
01637500
01638350
01638420
01638480
01639000
01639500
01642190
01643000
01643500
01643805
01643880
01644280
01645000
01646000
01649500
01650500
01653000
01653600
01654000
01656000
01658000
01660400
01660920
01661500
01662800
01663500
01664000
01665500
01666500
01667500
01668000
01669000
01669520
01670400
01671020
01671100
01672500
01673000
01673550
01673800
01674000
01674500
02011400
02011460
02011470
02011500
02011800
02013000
02013100
02014000
02015700
02016000
02016500
02017500
02018000
02018500
02019500
02020500
02021500
02022500
02024000
02024752
02024915
02025500
02026000
02027000
02027500
02028500
02029000
02030000
02030500
02031000
02032250
02032640
02034000
02035000
02036500
02037500
02039000
02039500
02040000
02041000
02041650
02042500
03010655
03011800
03015500
03017500
03021350
03022540
03028000
03031500
03032500
03034000
03034500
03036000
03036500
03038000
03039000
03040000
03041029
03041500
03042000
03042280
03042500
03044000
03045000
03047000
03048500
03050000
03051000
03052000
03053500
03054500
03056000
03056250
03057000
03058000
03058500
03061000
03061500
03062500
03065000
03066000
03067510
03068800
03069500
03070500
03072000
03076600
03078000
03085500
03090500
03091500
03092460
03093000
03094000
03095500
03098600
03099500
03101500
03102500
03102850
03103500
03105500
03106000
03106300
03106500
03107500
03108000
03109500
03110000
03110830
03111500
03114500
03115400
03116077
03117000
03118000
03118500
03124500
03126000
03127000
03129000
03139000
03140000
03140500
03141500
03141870
03142000
03144000
03144500
03145483
03146500
03149500
03150000
03151400
03154000
03155000
03157000
03157500
03159500
03159540
03161000
03164000
03165000
03165500
03167000
03168000
03170000
03171000
03173000
03175500
03176500
03177710
03179000
03180500
03182500
03183500
03184000
03185000
03185400
03186500
03187500
03189100
03190000
03191500
03192000
03193000
03194700
03197000
03198350
03198500
03200500
03201000
03201405
03202000
03202400
03202750
03203600
03205470
03206600
03207800
03208950
03212500
03212750
03212980
03214500
03219500
03220000
03221000
03223425
03225500
03226800
03227500
03228300
03228500
03228750
03228805
03229500
03229610
03229796
03230450
03230500
03230800
03231500
03232000
03232500
03234000
03234300
03237500
03241500
03244936
03247500
03259000
03260706
03261500
03261950
03262000
03262700
03263000
03264000
03265000
03266000
03266560
03267000
03267900
03269500
03270000
03271000
03271300
03272000
03272700
03274000
03288100
03297900
03320000
03431599
04015330
04021520
04024000
04024430
04073468
04073473
04082400
04084445
04188337
04188400
04188496
04189000
04191500
04192500
04200500
04201500
04202000
04207200
04213000
04282000
04282500
04282795
04285500
04286000
04287000
04288000
04289000
04290500
04292000
04296500
