01019000
01031510
01046000
01046500
01047150
01052500
01059000
01069500
01078000
01081500
01086000
01092000
01093852
01096500
01099500
01100000
01111212
01122000
01122500
01125000
01125100
01125500
01127000
01151500
01152500
01153550
01154500
01155500
01158000
01166500
01170000
01170500
01172500
01173000
01173500
01183500
01186000
01186500
01187300
01188090
01189995
01333000
01382500
01413500
01415000
01417000
01420500
01421000
01423000
01425000
01426500
01427207
01427510
01432110
01449800
01451000
01470960
01471000
01471510
01472000
01473500
01480500
01480617
01480700
01480870
01481000
01483700
01488500
01518700
01520000
01548005
01589352
01603000
01610000
01613000
01618000
01643805
01671020
01673000
02011460
02011500
02011800
02013100
02016500
02019500
02024752
02025500
02026000
02029000
02034000
02035000
02037500
03031500
03036000
03036500
03039000
03042500
03044000
03047000
03048500
03056000
03057000
03058000
03058500
03061000
03090500
03091500
03092460
03094000
03095500
03098600
03099500
03101500
03102850
03103500
03105500
03106000
03106500
03107500
03117000
03124500
03126000
03127000
03129000
03140500
03141500
03142000
03144500
03150000
03155000
03159500
03165000
03168000
03171000
03176500
03185400
03192000
03193000
03197000
03203600
03212500
03221000
03225500
03226800
03227500
03228500
03228805
03229500
03229610
03231500
03234000
03234300
03247500
03259000
03262700
03263000
03269500
03270000
03274000
03320000
04021520
04024000
04024430
04082400
04084445
04189000
04192500
04200500
04282500
04285500
04286000
04288000
04289000
04290500
04296500
