03010655
03011800
03015500
03017500
03021350
03022540
03028000
03031500
03032500
03034000
03034500
03036000
03036500
03038000
03039000
03040000
03041029
03041500
03042000
03042280
03042500
03044000
03045000
03047000
03048500
03050000
03051000
03052000
03053500
03054500
03056000
03056250
03057000
03058000
03058500
03061000
03061500
03062500
03065000
03066000
03067510
03068800
03069500
03070500
03072000
03076600
03078000
03085500
03090500
03091500
03092460
03093000
03094000
03095500
03098600
03099500
03101500
03102500
03102850
03103500
03105500
03106000
03106300
03106500
03107500
03108000
03109500
03110000
03110830
03111500
03114500
03115400
03116077
03117000
03118000
03118500
03124500
03126000
03127000
03129000
03139000
03140000
03140500
03141500
03141870
03142000
03144000
03144500
03145483
03146500
03149500
03150000
03151400
03154000
03155000
03157000
03157500
03159500
03159540
03161000
03164000
03165000
03165500
03167000
03168000
03170000
03171000
03173000
03175500
03176500
03177710
03179000
03180500
03182500
03183500
03184000
03185000
03185400
03186500
03187500
03189100
03190000
03191500
03192000
03193000
03194700
03197000
03198350
03198500
03200500
03201000
03201405
03202000
03202400
03202750
03203600
03205470
03206600
03207800
03208950
03212500
03212750
03212980
03214500
03219500
03220000
03221000
03223425
03225500
03226800
03227500
03228300
03228500
03228750
03228805
03229500
03229610
03229796
03230450
03230500
03230800
03231500
03232000
03232500
03234000
03234300
03237500
03241500
03244936
03247500
03259000
03260706
03261500
03261950
03262000
03262700
03263000
03264000
03265000
03266000
03266560
03267000
03267900
03269500
03270000
03271000
03271300
03272000
03272700
03274000
03288100
03297900
03320000
03431599
